21
-3310060 -6152180 661177
-6716500 6087280 -8687848
-3728579 -3395260 -870035
1367210 1708901 -1091986
649680 2242183 -8578525
6808617 -8937278 1139084
-5936693 -7879226 6727224
-298665 -8938458 4251221
8172387 -4796972 -7610935
-2095720 -6165895 -7055211
40782 524045 -3207391
-9298041 3807544 -7120110
-7985889 -9921034 -515371
1144075 1446175 -8806469
-9947910 -7904145 3435713
-8526435 8904472 4498434
2612648 -7032220 6619207
-660128 2669114 7680748
-6408907 841501 -7116223
-4019843 8745781 -3282119
-1075054 -1213436 7241925